SAMIR CHAUDHARY
1BM23CS294
Solution found in 49 moves:
2 8 3
1 6 4
7 _ 5

2 8 3
1 _ 4
7 6 5

2 _ 3
1 8 4
7 6 5

_ 2 3
1 8 4
7 6 5

1 2 3
_ 8 4
7 6 5

1 2 3
7 8 4
_ 6 5

1 2 3
7 8 4
6 _ 5

1 2 3
7 _ 4
6 8 5

1 _ 3
7 2 4
6 8 5

_ 1 3
7 2 4
6 8 5

7 1 3
_ 2 4
6 8 5

7 1 3
6 2 4
_ 8 5

7 1 3
6 2 4
8 _ 5

7 1 3
6 2 4
8 5 _

7 1 3
6 2 _
8 5 4

7 1 _
6 2 3
8 5 4

7 _ 1
6 2 3
8 5 4

7 2 1
6 _ 3
8 5 4

7 2 1
6 5 3
8 _ 4

7 2 1
6 5 3
8 4 _

7 2 1
6 5 _
8 4 3

7 2 1
6 _ 5
8 4 3

7 2 1
6 4 5
8 _ 3

7 2 1
6 4 5
_ 8 3

7 2 1
_ 4 5
6 8 3

7 2 1
4 _ 5
6 8 3

7 2 1
4 8 5
6 _ 3

7 2 1
4 8 5
6 3 _

7 2 1
4 8 _
6 3 5

7 2 _
4 8 1
6 3 5

7 _ 2
4 8 1
6 3 5

7 8 2
4 _ 1
6 3 5

7 8 2
_ 4 1
6 3 5

_ 8 2
7 4 1
6 3 5

8 _ 2
7 4 1
6 3 5

8 4 2
7 _ 1
6 3 5

8 4 2
7 1 _
6 3 5

8 4 _
7 1 2
6 3 5

8 _ 4
7 1 2
6 3 5

8 1 4
7 _ 2
6 3 5

8 1 4
7 3 2
6 _ 5

8 1 4
7 3 2
_ 6 5

8 1 4
_ 3 2
7 6 5

_ 1 4
8 3 2
7 6 5

1 _ 4
8 3 2
7 6 5

1 3 4
8 _ 2
7 6 5

1 3 4
8 2 _
7 6 5

1 3 _
8 2 4
7 6 5

1 _ 3
8 2 4
7 6 5

1 2 3
8 _ 4
7 6 5
